-22 -20 4 -23 12 -46 -11 13 38 -14 36 -21 24 2 -1 50 -7 -43 28 16 21 -30 -13 -9 -6 44 -32 40 0 -37 18 -29 -15 -12 7 -42 27 33 20 26 48 45 -16 37 34 -27 9 -33 -39 31 -26 42 14 17 30 -41 -47 -34 47 35 -45 41 -35 1 -38 32 8 -3 -25 25 10 -48 22 11 6 -4 -19 -8 -10 49 -28 19 -2 3 -18 15 -44 -5 -24 -49 -17 -31 43 29 -40 5 46 23 39 -36
29 -1 4 22 -14 30 -34 6 12 -8 -22 -6 -7 -25 34 -10 -38 -33 26 -24 21 -18 32 39 14 -23 -12 -27 47 -37 42 5 17 -36 -11 -16 -31 13 31 41 49 -30 27 43 36 25 19 -21 46 2 33 -2 -29 16 -42 -48 -47 10 48 -46 8 -4 18 15 -19 -17 -41 -28 35 3 37 -44 1 40 -26 -3 -9 -35 23 -39 -20 -5 45 7 0 -49 -40 9 -13 28 -32 -43 -15 38 24 50 -45 44 11 20
-20 6 -41 35 -30 -28 -25 48 10 13 -38 -21 -35 -23 21 -49 23 27 24 28 -5 -16 22 -1 -13 3 -27 -8 -2 -43 -19 -17 0 45 -37 -45 37 -22 31 -47 9 -7 8 19 -32 15 -9 -6 -48 41 -12 5 7 -3 14 40 46 -34 -10 -15 33 32 42 43 11 -11 17 39 12 -44 -26 -4 -24 -14 -18 20 47 -42 34 26 4 -40 50 38 25 1 36 -39 30 29 49 -46 44 -29 16 -36 -31 -33 18 2
50 45 47 -13 -6 -16 41 -26 9 30 -11 -9 29 -48 12 17 27 -47 -43 22 -41 6 -14 36 16 8 25 34 37 -3 33 -49 5 -21 0 -28 49 -39 7 10 -34 -22 -7 21 -46 -5 -38 2 -19 -4 -18 -32 -23 1 -44 -20 -1 38 48 39 -24 32 -37 28 -27 -36 -33 -2 19 -25 -10 -17 43 -12 -40 -45 3 -29 24 44 -30 -35 11 -8 18 23 42 20 15 35 40 31 4 26 -31 13 46 14 -42 -15
-14 -31 -6 -36 -10 -45 -28 -35 -2 -30 13 6 43 8 20 -25 17 25 47 -27 -22 -5 34 -4 -3 19 45 -16 -18 -19 50 16 -39 15 24 27 -11 -7 41 -20 42 -40 -33 -12 28 -34 12 -23 37 -46 9 46 39 -48 -9 35 14 -49 5 -26 -43 7 -1 36 -42 -15 -13 -24 -44 30 -47 11 23 26 -37 3 40 4 -21 38 49 -41 32 18 48 -17 -38 29 21 33 31 2 -8 10 -29 22 44 0 -32 1
-6 27 -10 10 37 25 29 -33 -5 -44 39 3 -15 -25 -18 0 -41 -43 -22 -4 50 33 28 31 -34 11 24 -31 22 -8 -19 45 -36 -42 -2 15 -13 -1 -17 -32 7 46 43 2 -3 -48 -39 19 -27 5 34 -37 49 -16 -28 30 47 -26 -24 1 23 -7 -12 48 20 17 35 -9 -46 13 26 -29 -35 36 38 -45 -49 44 -40 14 12 -38 16 42 18 8 6 -23 40 4 9 -20 -30 -14 -11 -21 41 21 32 -47
-12 -46 23 -49 50 -23 -15 -48 -38 32 -44 -33 24 -41 37 -11 -13 -37 42 -20 -34 17 -16 28 41 10 47 -18 -47 -35 -26 -36 19 -42 -28 9 -6 -25 29 -8 20 3 -22 33 -9 7 25 6 -43 -45 -5 35 -39 -21 21 46 16 31 4 -2 43 -3 30 -31 -29 8 22 -7 48 15 0 -17 44 39 -40 -27 5 1 -30 -24 18 -4 -1 36 12 2 -32 45 -14 40 49 14 38 27 -19 11 26 13 -10 34
-8 -46 -23 9 2 -48 -45 15 -7 -38 1 42 21 38 -14 25 -17 10 7 47 -25 -31 22 39 -30 46 49 -1 44 45 -32 -11 -28 -35 16 -10 24 18 35 48 -5 -47 -39 11 -26 0 43 28 -27 31 -29 8 34 -4 -13 -21 -42 -36 13 20 4 -33 50 17 -40 -22 -44 -49 12 -12 -16 29 23 -6 37 -18 -19 -37 -2 40 27 5 41 6 14 33 30 -3 32 19 3 -24 -34 -9 36 -41 -43 26 -15 -20
49 18 -45 -46 44 42 -4 32 17 14 -6 -16 -10 -38 -12 -27 28 7 29 30 1 2 -35 -8 -26 -49 9 -34 0 -43 -2 -36 -44 47 -25 -48 45 19 25 40 -15 34 10 8 33 -37 3 -33 26 -20 12 41 -14 5 -29 23 46 -3 -23 -19 6 -11 -31 -42 -28 50 -47 35 22 21 -41 48 37 4 -9 27 -13 -32 -1 -24 39 24 -7 16 20 31 -22 38 -5 43 -40 -30 36 13 -17 -18 -39 11 15 -21
-36 -11 5 38 19 -2 23 -34 40 -31 -46 -5 12 -37 -29 28 -33 8 20 -1 -13 7 -35 47 -3 -44 -39 -38 39 -20 24 26 30 -25 -14 -49 35 -16 17 15 6 -22 48 -12 31 -10 -7 -41 -30 22 -43 -24 16 14 27 -4 -42 -8 44 41 29 -6 21 -19 -15 43 3 42 -18 49 -28 0 -40 10 -21 -45 45 13 18 46 -9 36 -27 -32 -26 -47 11 25 34 9 1 4 37 -48 2 -23 33 50 32 -17

for 500

177 64 68 -157 -177 145 -244 178 -49 180 148 -246 106 -65 -180 123 154 -117 66 -238 -188 187 82 -126 108 -226 242 -207 218 -57 -34 209 -211 208 -120 -15 149 -193 101 -214 -239 190 -150 76 157 -183 -56 11 -70 -142 -131 -181 -110 134 17 205 231 54 -81 -47 -93 -59 151 -55 -7 -152 -51 -154 133 -210 103 14 199 -156 202 234 -42 89 7 -172 248 196 88 -88 -199 152 93 201 -87 -240 -139 -101 -69 -13 36 176 96 -60 69 -247 206 59 -141 179 -86 -168 -94 -28 40 -198 -4 46 -178 -136 8 29 -143 -109 99 5 -29 193 -48 104 -102 -237 -53 -35 43 60 26 -26 92 78 207 226 -111 105 15 23 -67 -11 -5 -24 214 121 83 -54 235 -36 -160 191 140 -84 -9 -222 58 112 -194 -201 86 245 -23 174 150 41 -147 146 135 -191 244 48 143 175 6 9 77 -189 -215 156 124 127 147 171 237 -66 -37 -2 30 165 183 168 110 -230 222 -219 195 141 -217 56 236 27 186 136 -12 3 -103 97 -158 -242 -225 -144 -72 -176 12 159 167 -112 219 47 -140 -130 137 241 233 -213 164 72 -125 -25 117 94 213 194 -50 -241 -166 170 -98 -85 144 -192 2 80 -46 20 62 57 -127 -31 249 65 -184 67 107 -113 50 -75 118 37 -32 -232 -202 -6 -10 49 35 -224 203 102 -108 -245 210 -138 -195 -185 -22 -123 -43 182 132 33 -40 -137 -173 -79 -220 -243 22 -216 -18 122 -186 -196 44 229 -161 84 -91 -21 -227 38 79 227 126 -44 -190 116 228 -71 19 240 -82 189 71 163 -68 13 -218 221 243 -128 -235 -62 -179 161 162 -248 -78 120 -104 238 -27 98 115 -3 212 -149 173 -135 -14 -52 -134 -231 -236 172 153 42 230 -165 -20 -8 -76 -233 -73 -162 -99 31 129 52 -228 -155 24 -61 -80 139 -97 181 -175 -119 39 21 -118 -45 -153 -92 -203 130 -169 45 200 28 192 -106 -116 51 70 -171 100 32 -163 -148 131 85 155 128 -74 158 -83 -124 -145 198 -205 197 -249 220 -96 217 113 87 91 185 95 -39 -64 -208 -212 1 63 61 119 -151 10 -187 -200 -115 -174 -107 -77 111 -159 -33 90 81 -19 225 224 -229 114 -197 -17 -182 -63 -234 -30 247 204 -89 -95 -16 0 125 239 -206 -146 188 138 -164 216 -38 34 246 -114 -133 16 -167 -221 -204 215 74 184 -209 211 250 -129 -105 109 -223 166 25 -41 169 -122 4 -121 223 -132 73 -1 53 18 -90 75 232 -58 -100 55 142 -170 160
114 207 -133 174 -248 9 108 -204 -172 -57 -163 -76 16 234 83 11 231 238 176 153 -175 -210 -95 -114 -197 -238 158 -87 -237 227 -29 240 162 -192 -7 -140 -53 -242 -127 157 43 -220 -11 27 173 170 -219 68 105 95 178 126 34 -167 206 -79 -202 192 89 -171 117 -66 104 21 -150 -101 133 -32 248 22 -176 87 189 205 137 -99 -117 79 91 154 -129 -241 31 18 211 214 246 -12 138 -62 -85 224 -226 -27 152 148 -166 141 167 -33 -203 40 88 120 -60 5 -15 -221 -56 23 -25 203 220 161 -180 250 221 41 -104 193 -69 81 73 -143 -97 67 -228 223 213 -206 230 -229 -208 -107 -113 101 -93 -131 50 -23 -145 -225 -10 -84 135 245 163 53 -200 125 -217 48 47 -3 164 -94 -185 -68 -234 -36 -4 168 191 -224 -59 237 93 -212 -115 -26 85 228 112 -130 -243 -135 -232 -247 -96 -31 54 -205 30 -77 142 172 -201 -246 208 -181 -231 -132 -40 7 -214 -2 -46 -239 155 -105 28 219 24 -227 -177 -48 -191 -9 -34 -22 244 60 204 74 -151 225 -146 64 139 -195 44 249 212 -218 0 180 -244 -138 -61 -58 -81 109 6 94 241 90 -213 -92 106 209 147 -193 202 -148 -211 113 -44 84 8 -1 -82 42 -215 -98 62 52 -249 97 194 78 82 33 236 -67 229 232 15 243 -240 175 -5 75 110 -222 -158 80 -165 -179 -122 123 201 239 -144 195 100 -111 235 98 143 -164 -188 165 45 -124 -207 -154 -245 242 -216 149 1 -187 51 217 107 132 37 -182 -63 -64 181 19 61 103 -16 -162 233 136 -186 119 -91 197 118 187 -24 -125 184 -194 -21 -190 -153 134 127 -142 -90 -128 -139 59 -184 -173 38 171 -74 -52 -28 -168 69 20 -169 -118 -55 77 169 -13 -73 96 70 56 -8 124 -123 -88 -86 -161 -121 -89 14 -43 -42 -120 -14 -112 -233 -199 -126 35 39 86 2 222 -6 -170 99 66 -45 190 122 -109 111 -17 10 150 -236 46 76 58 146 -71 -106 63 -141 -83 -70 182 166 -159 116 -134 -35 145 -100 26 -223 25 102 -230 199 -51 183 144 -20 -157 17 210 -119 -174 -54 12 156 -136 200 -209 196 -160 131 -110 218 151 -80 -19 -37 -149 -108 -49 32 188 226 49 -65 140 -183 55 -47 216 -137 -18 57 198 65 13 4 130 -198 29 92 159 -155 71 -103 247 -116 129 128 -102 -235 179 -78 160 -30 121 -72 -38 185 72 -147 -152 -75 186 -39 -41 3 -196 -50 -156 177 -178 215 -189 36 115
106 -69 70 -9 46 -244 -8 167 -165 -141 178 -193 -200 60 -11 105 -159 174 -110 197 110 -203 -4 -61 -105 -216 17 -125 -104 111 234 -63 26 126 -13 30 -242 -82 -54 115 -6 90 20 235 127 49 -241 63 146 157 -36 -133 -83 176 86 144 169 164 120 -23 72 137 -3 -168 -134 113 -154 -182 147 -60 1 69 -108 11 145 199 180 54 -123 118 -139 124 161 -18 -19 52 -109 -59 -124 249 -116 -93 -191 218 -98 119 237 -151 -12 -147 219 195 28 38 -25 -56 -237 -33 -101 -122 193 89 114 -52 -72 232 227 -218 134 -26 200 -106 -235 31 108 -96 -236 -181 -202 -224 202 141 -210 -163 -102 -76 209 244 -81 -107 19 -67 43 -152 16 191 222 -92 236 148 -228 -117 -205 95 226 -71 -47 -227 18 211 186 -223 -136 158 -29 -129 -32 -17 -49 -28 103 -91 67 10 62 243 142 3 -213 -184 53 -190 4 196 -174 -120 100 -156 42 74 -45 -68 32 37 182 85 8 -162 -240 -197 -128 -150 -247 242 -27 -79 132 -21 152 205 -145 204 104 149 116 -217 250 91 12 233 -245 -214 -187 -148 29 -34 -46 229 -188 -89 80 -157 83 -5 122 165 217 -65 155 -146 94 240 22 65 133 -172 160 93 88 -209 181 192 -158 173 56 216 -38 -1 170 246 -77 7 -194 206 -169 125 82 23 -48 -53 130 151 166 27 -135 -207 -114 102 -39 -199 179 -99 75 214 -149 -103 101 68 -119 248 -137 -243 208 188 187 131 -115 -57 153 -126 15 -88 215 -246 2 76 -167 -112 34 -229 -64 -111 58 0 -239 64 107 121 -233 -74 212 39 223 -201 -84 140 207 -177 143 225 44 -234 -138 228 -40 40 129 9 -173 78 97 -43 183 163 -195 -87 84 -176 221 -66 61 175 -189 -58 -219 139 -212 -186 -222 87 109 -78 -50 36 5 -62 59 -44 154 -153 -95 -232 -248 247 -94 -179 -131 190 21 48 55 -183 -86 -16 128 14 33 -97 71 -100 -171 -238 -230 162 203 92 -14 -215 41 156 -221 66 -140 -225 13 -15 -2 -204 -121 -231 -10 -249 35 -42 6 79 -142 -24 177 -37 -161 245 -160 123 -180 -178 -127 184 25 159 213 -198 112 -73 138 81 -90 220 50 -220 -113 239 99 -7 -143 241 -196 -55 -211 98 136 -192 -70 224 194 24 -175 189 198 135 -80 -75 47 -31 -166 -170 -118 168 -22 -208 -130 238 -85 231 73 -51 -164 96 51 -144 -132 45 171 -185 201 172 -206 -20 185 -41 -35 -226 77 210 230 150 117 -155 -30 57
248 246 -171 -227 -109 30 93 -217 152 75 -206 69 219 -69 -120 -21 -189 -16 43 -160 -104 -86 0 173 -173 -125 126 218 38 -167 -221 -209 211 -29 47 -134 80 57 138 -2 -207 179 129 188 68 -13 44 -24 158 -97 127 -188 104 45 187 -122 -63 85 107 -14 29 191 -90 -236 -52 -226 -211 -81 151 181 -157 -61 -11 90 -197 11 -65 -229 55 -244 -218 123 -150 64 -91 177 -241 -5 -132 88 51 71 95 -196 -155 27 214 237 28 220 149 130 -153 -1 -177 -48 -47 -219 134 150 233 -107 -54 25 -55 190 -27 189 238 -62 -87 162 117 155 -103 113 -46 140 67 124 -203 132 -121 -215 136 -95 -184 -213 -216 -144 249 9 240 178 -143 63 59 -223 -93 -191 212 -166 -170 -224 245 -51 166 121 -212 -31 13 170 116 -3 172 -105 -6 -71 239 -98 131 -110 -35 -73 111 137 70 -141 79 120 165 23 -92 -235 119 33 -195 -94 -182 74 12 217 -57 -240 159 39 199 16 103 -40 -129 141 192 -145 -78 157 -185 66 112 1 -161 209 176 222 10 -89 -194 -163 -154 40 -8 206 201 -165 37 208 -232 3 -18 4 -50 78 36 164 241 -119 15 -45 -77 22 -128 -147 196 -80 6 167 -106 204 -22 -59 -158 24 203 183 -245 -248 49 -53 98 -58 -88 -178 31 106 115 81 8 -162 -82 -68 54 -32 -175 216 -38 -201 -133 139 -116 231 -12 -137 207 185 -164 225 -247 143 -44 -136 105 -230 -118 84 -76 18 108 92 -174 232 125 223 -139 -42 174 -199 -222 205 -74 -210 110 144 -243 -39 160 -34 -60 182 62 243 34 -142 202 -205 5 -220 200 -79 -43 -181 221 227 7 -127 -10 -84 -225 99 114 -66 2 83 133 87 154 -190 -234 -124 236 -23 184 -25 -64 198 -112 247 -231 156 168 -20 -176 234 228 -123 -108 224 -72 26 -151 -172 -135 194 14 41 32 58 -9 96 226 -148 -149 -56 -85 76 -15 146 -37 -26 56 -115 60 -7 230 148 -130 -237 50 -138 19 -100 65 -41 52 73 -246 42 -114 145 128 97 -249 -198 -238 -233 -169 100 -126 -208 -33 -204 -96 -99 135 215 -214 180 -75 -102 229 -179 -30 -192 48 -180 -67 -168 -140 72 -200 235 161 -202 142 -239 213 -70 -187 -131 53 -193 -36 102 35 82 197 210 163 169 153 250 -17 -117 244 -111 195 175 86 94 -159 118 -146 -49 46 147 109 20 17 -242 -152 101 -19 -101 89 242 -156 -113 77 -83 122 -4 -228 -186 91 186 -28 61 -183 21 193 171
-2 228 -232 66 -88 -247 19 -5 63 124 31 -211 196 -220 -240 94 223 -112 -168 -200 73 -205 142 116 -79 127 -150 11 -210 69 224 145 -62 -80 -47 -134 180 1 -206 -51 57 120 -238 201 67 -28 168 163 -8 -38 49 246 -204 172 -190 -184 -96 197 -17 238 70 75 210 39 149 -214 133 244 6 -14 -197 15 -32 183 -98 161 -146 52 -119 159 -53 182 -224 -131 -100 33 -101 -148 218 27 -77 155 205 -164 -81 -115 199 130 85 59 41 167 -185 -183 226 -71 -78 -209 -242 -43 -91 24 -216 80 29 -172 -105 189 -173 -229 154 -9 -85 158 35 -162 215 -21 -192 134 -177 151 -123 -4 202 -139 -36 -231 -230 -63 -37 220 -233 207 -26 192 -169 -161 -44 -147 -195 234 249 144 178 -236 231 -10 54 248 -137 -121 -159 -84 -39 -74 -228 -29 -129 -109 -60 -1 247 -106 50 105 -25 -65 56 -64 236 30 -198 -34 -208 131 17 -180 61 -116 -104 77 28 -42 47 44 45 -182 121 -241 -125 213 173 181 126 -67 83 88 -33 -41 137 -87 216 -99 -222 -234 -163 195 108 240 95 20 165 -235 -207 43 90 -160 152 36 209 9 160 -15 241 -56 153 225 -6 62 -103 112 -227 -201 -61 -244 -126 150 117 -152 -46 37 -186 -108 -223 -107 51 -170 -19 53 -49 125 141 97 211 82 -171 -212 -113 146 10 -166 -76 113 40 14 164 -3 58 -35 25 140 -59 128 184 -68 -130 -176 -82 -48 -226 81 203 -93 132 -237 198 86 -120 34 -239 143 46 -86 171 250 -142 72 -70 -175 -202 -140 -136 -57 193 -178 -194 3 87 64 7 -218 -155 74 103 -73 194 243 32 -20 -12 -54 13 42 -245 190 179 233 -215 -193 -188 187 -138 96 221 -167 230 188 -191 217 8 98 -117 -181 -246 122 -114 214 5 -50 135 93 -66 237 -31 115 -217 78 -58 107 99 104 -143 110 -94 -52 89 -102 138 -69 -110 -187 176 242 156 -248 -149 -18 106 -45 -75 -23 79 -95 -158 235 12 -7 118 166 114 -13 148 169 -225 219 21 147 245 232 -97 -11 -122 -111 119 -124 68 -127 48 -156 -128 109 23 18 222 0 -89 -189 111 26 -27 -141 -16 102 -154 -213 65 -249 100 123 -132 -203 -174 -151 139 185 186 55 -92 4 71 175 -83 227 -145 84 239 -133 -30 -153 -221 -157 -72 22 162 208 -90 191 174 2 -196 136 177 -135 -55 -40 92 -243 212 60 -165 -219 -144 -22 206 129 -179 16 229 200 101 -199 38 170 -118 157 91 76 204 -24
103 167 183 -37 -221 223 -8 199 194 149 -68 110 54 101 17 88 -113 -180 -30 72 172 196 208 69 9 -19 -108 105 176 86 -157 166 133 -195 -169 26 130 226 -57 -243 163 161 108 -123 -14 93 201 -240 -104 215 -197 -29 -53 -166 242 -233 169 -25 49 -48 -143 143 -94 -16 -154 5 74 52 -75 -80 212 -71 -110 83 204 203 -43 -137 151 98 152 142 -59 -87 109 180 -66 -4 -86 139 -72 -69 -212 -122 -36 -142 -219 175 -10 -158 28 -184 222 119 -96 56 82 -77 -163 92 -176 -188 -134 -148 -50 138 20 -58 -92 248 -78 177 31 -218 -206 -248 18 -216 185 -149 118 -179 -73 41 -136 146 67 -178 -90 115 145 -126 205 112 192 -181 -27 -120 107 -11 202 -102 -189 122 181 -106 155 228 140 -81 -118 -56 -145 -183 -201 245 -3 -24 -210 -127 -167 -237 -130 -40 12 -128 35 39 -172 50 -162 -164 -138 237 -105 -196 -214 182 -165 -215 209 128 173 189 179 -227 -141 -247 153 -85 8 184 210 79 45 144 -147 -192 -119 232 95 -31 170 -190 -168 6 102 -160 19 96 -146 36 148 -28 89 21 66 211 224 -15 22 -44 -54 231 68 90 125 -182 -82 -155 -46 0 100 243 60 -238 -150 124 131 113 -100 -232 250 -22 247 84 234 -98 168 165 154 -159 -89 -239 -70 -208 190 -175 -107 -35 -33 158 87 235 97 -139 -131 -32 -213 -83 37 206 -244 121 24 -67 106 64 10 -217 244 -234 -229 -91 236 70 162 11 38 -209 191 34 -199 217 195 198 48 -153 -93 -51 13 -235 -177 -191 2 -114 249 164 -198 -205 4 -121 188 174 -18 238 -115 127 -61 126 3 -47 -12 47 55 -74 -97 240 14 -5 187 116 -62 30 -125 -13 -76 -95 -186 -242 7 73 218 -156 27 -79 -225 61 -246 -202 -63 -103 -194 42 15 62 80 227 104 157 81 -116 -144 -133 -204 213 85 -55 -203 44 1 220 147 16 25 40 186 241 -236 -88 193 -64 -228 -173 -152 91 43 76 -220 -60 141 134 78 -99 178 135 -49 -109 75 71 -23 132 -193 -223 63 114 -200 -6 -41 -117 171 99 -245 -249 -135 129 -38 57 -211 229 -222 46 -39 -21 239 150 123 -101 -45 -161 -26 -140 65 -174 -1 221 29 246 -65 -9 -231 32 -112 117 -34 33 -230 197 -129 137 156 225 23 -207 200 230 -17 -111 120 58 -42 -224 -20 -185 219 -2 -151 -124 160 159 -187 207 -170 77 51 214 59 -84 216 136 94 111 233 -241 -52 53 -132 -171 -7 -226
132 -235 16 -199 242 -158 -177 -159 -241 100 -193 -13 -53 72 173 56 -174 236 -118 -125 -214 -196 -203 -190 -89 237 -17 -139 -4 -47 68 93 -58 -65 60 63 -234 -67 -189 249 -211 -2 -200 85 219 -202 -72 224 44 163 223 -124 92 -69 -49 -20 140 -9 -225 -170 -141 244 -54 -138 -164 65 180 22 -233 -220 -213 43 -42 -134 -182 -56 -222 248 220 61 191 24 -52 -71 231 -246 -81 -39 52 -44 -240 66 98 145 245 170 -116 125 -230 -61 -221 70 67 189 230 164 -76 -247 -208 196 -219 -35 174 87 7 57 -206 226 171 -152 80 185 -8 -144 -111 -179 -3 -50 228 -88 0 204 -93 -205 166 31 -162 -79 -209 -1 -10 86 -216 -105 -123 146 -36 59 25 -238 -28 142 -215 42 -51 -70 36 -122 15 76 -128 -248 186 -210 -87 -25 -7 26 17 -227 -143 -91 187 247 133 64 112 -136 -103 120 58 149 168 -151 -187 -80 155 -175 192 -106 -83 225 84 -185 108 235 107 151 10 -184 239 218 8 -232 103 203 11 -198 101 -148 -75 -34 104 -204 32 13 3 159 -156 -112 -114 131 -74 89 190 234 141 -41 -249 -132 -226 6 -180 -77 130 53 -48 -244 -191 184 147 246 233 193 -157 183 154 -113 90 -126 -135 71 -107 182 -22 55 114 -183 -178 49 105 -130 -194 -100 115 232 175 144 -95 137 -242 -66 77 -165 99 217 -229 -82 69 -29 -119 96 -94 -149 -16 157 -60 -84 -27 -92 152 209 176 210 160 -117 162 27 116 129 188 -73 -127 46 199 -57 -168 30 -30 250 -176 -23 139 102 119 213 -217 -142 -40 161 181 38 -38 41 39 212 62 150 198 -5 -173 -62 167 -131 35 153 -98 -161 -86 -11 78 -243 1 -212 -15 18 128 136 -224 -186 -63 33 -68 227 -37 5 156 -228 97 91 81 51 207 37 34 109 -59 208 -55 21 241 194 -147 83 169 -236 -85 -24 221 -129 -31 28 126 -96 106 229 202 206 121 20 -145 -181 94 -133 200 -154 -231 178 134 -109 179 238 -120 122 29 124 88 -146 -223 113 -201 4 74 -160 -18 123 -140 79 -33 -6 -171 -97 54 -172 211 -155 50 -64 195 -102 -239 -150 -14 205 -166 158 47 -237 -101 95 -19 117 -245 -32 -197 75 -192 172 -169 -137 111 197 148 -110 23 -21 -195 -78 19 45 143 -153 -46 240 40 215 118 138 222 165 -115 -108 -99 -163 135 -45 -121 -188 -90 73 201 -207 -12 -43 214 -104 9 48 -218 82 110 -26 2 216 12 -167 127 243 177 14
-57 -130 -54 168 128 159 -182 -183 -160 235 68 -172 -236 127 191 -195 216 -10 167 -200 212 10 -92 -189 -41 -27 -109 199 185 180 -228 -173 33 155 79 -71 110 83 219 -84 -135 -139 188 -33 -167 177 103 -79 -15 -78 -214 -165 244 18 47 -49 -115 -241 -199 -209 -132 -61 15 -122 112 -124 169 -126 153 -51 108 -192 -46 151 -164 -60 -34 247 -108 99 88 -39 93 -242 -150 45 -72 -16 154 -120 35 85 25 -24 20 -143 116 -225 170 -38 -12 246 175 134 -185 46 92 213 -17 150 7 2 115 195 182 -47 -85 -26 63 -208 -52 60 28 -205 217 205 -111 218 -3 -73 -77 -198 44 94 -152 -66 -113 234 41 -180 -175 -31 -153 69 208 161 211 -80 -99 157 -131 -159 -203 -127 -21 65 17 -188 -70 -110 70 -58 23 -215 -45 -210 129 29 -116 105 -5 -67 -213 147 221 52 228 -83 97 39 106 120 -140 209 56 37 11 -32 207 -7 -194 231 -64 172 -151 -217 140 54 -224 -23 -1 -204 -11 204 -202 141 21 187 -237 -155 -44 -238 -114 -247 174 132 -37 95 31 82 -136 -103 -19 53 -244 -178 222 90 4 -156 109 117 -138 171 -6 62 -100 142 210 -125 184 -2 236 -179 43 -59 -243 152 224 163 146 203 14 226 75 173 96 -248 214 -137 74 -63 136 -191 223 -219 240 192 -20 118 -90 183 -177 245 61 176 181 16 139 -227 138 77 -246 -162 0 220 -134 78 -98 8 237 -88 243 -43 107 -106 130 -35 131 -36 -76 55 27 -56 -48 242 -28 66 202 186 -69 81 165 -174 -181 196 158 48 119 229 -91 -235 -9 -128 -13 67 -119 -190 87 -101 113 22 -75 -144 98 190 -107 227 42 -161 -129 -154 -105 3 -102 148 -240 -218 12 124 -93 111 6 -233 -212 -223 91 -104 162 126 193 -234 160 101 102 19 -40 -96 -221 -81 38 -123 -149 -226 200 166 -176 232 -133 -121 -14 -4 -55 89 -196 241 32 123 198 122 197 -87 -74 -146 156 57 26 206 30 72 -168 84 50 -207 133 36 -166 143 -193 -232 -239 137 -97 225 58 114 135 239 64 -18 -141 59 -68 -8 -171 -187 -94 149 -158 -222 233 -25 -231 125 80 -249 -184 -95 -117 71 201 51 -169 -186 13 40 5 -89 -50 -211 76 248 104 -220 -53 -206 189 145 -86 179 215 144 100 -245 230 178 -216 -142 9 -145 -163 -148 -201 -157 -22 73 -118 238 34 -112 86 121 249 -147 -229 -29 24 -170 49 -30 250 -65 -62 -82 164 -197 1 -42 -230 194
81 42 -49 -174 122 190 -7 46 -244 -166 115 179 -182 232 -162 -111 82 -165 -204 192 -81 -118 -146 -158 129 24 -242 138 54 -53 -33 114 28 -140 15 -135 143 181 -183 231 23 64 55 -37 -82 41 -210 -142 79 119 -176 -74 -26 234 -134 220 -212 -35 -83 86 161 75 -218 244 22 99 33 -55 -171 165 18 101 49 206 -105 -4 -225 -91 -31 -169 6 -36 -40 -147 108 226 236 94 -246 140 -206 -54 61 84 131 177 151 68 184 31 -151 233 180 248 -19 -73 -229 0 -11 -152 214 -141 197 91 -159 -6 -89 -22 186 12 227 -149 78 -72 155 149 -243 124 80 53 -231 -107 65 137 132 72 5 111 -48 150 169 10 -164 -196 93 38 70 160 213 123 96 -39 118 59 -215 -226 44 135 -18 158 145 -189 142 -104 -198 -109 -157 235 -235 -3 -102 221 191 215 185 73 -57 139 146 238 224 207 60 45 109 29 218 -5 -38 178 -75 -15 172 -233 133 189 163 85 1 71 35 -62 -143 -125 -172 -68 175 152 219 -88 -222 -185 -121 128 27 -99 -179 237 -136 -232 16 -217 -116 21 -23 217 209 187 176 -65 63 -66 -120 -227 201 -70 -85 -247 228 95 -52 -50 -16 -220 -101 208 243 -167 97 -205 120 130 -130 170 -42 103 247 -144 203 36 194 -34 136 19 -148 193 -80 205 -90 48 -122 40 -95 77 -175 11 240 -181 -21 -10 39 -64 -138 4 -60 -248 -200 242 47 14 -71 -137 162 100 -2 -237 173 105 -184 -155 -20 -79 -69 125 -67 -187 -221 -108 -209 58 -63 -129 167 -113 223 -191 -94 -190 -103 168 -112 126 50 -84 66 -241 -245 34 -123 171 -124 -24 -177 159 -214 245 3 -224 154 -117 69 -58 174 134 20 196 -127 -76 116 -249 153 241 -9 -161 -156 -78 -61 166 246 -32 -239 -96 211 113 -173 -56 216 -150 56 -28 -228 -132 43 -170 -153 -180 92 -208 229 144 195 -100 -216 -27 -46 222 -30 -160 230 -128 -131 -163 110 -86 -193 121 83 -114 -234 32 225 -202 -194 -197 -186 156 -1 -8 -199 147 -110 104 -154 -106 -77 -115 -12 98 164 102 -195 250 -240 88 106 210 9 -238 -51 -45 52 -213 -188 8 -43 -14 -203 188 200 13 -44 2 202 -92 -168 37 199 51 107 -201 249 -13 62 148 157 -41 -223 25 7 -119 183 -139 57 141 -230 212 -192 26 74 -97 -98 -145 -93 -211 -126 90 198 87 -59 117 204 -207 182 -178 -47 67 -236 -133 17 30 -17 -87 -219 -29 89 239 127 76 -25 112
-183 -7 234 205 -34 15 228 -153 -151 62 168 7 -106 -108 -223 -166 25 -242 -133 -91 -87 -136 -232 91 -52 151 -99 109 -188 237 242 96 203 164 -113 171 9 227 32 -143 105 -238 11 -212 184 -192 -6 -130 -228 -234 55 26 88 -149 -150 44 245 -115 90 58 156 -40 143 -125 77 -23 -31 127 -154 129 111 -210 -2 83 -233 174 73 -83 -81 133 -124 99 -139 -248 207 51 3 235 191 37 146 35 63 119 -161 115 60 247 -109 220 -165 -152 -120 -19 243 36 -4 -12 -185 165 -18 -38 -134 33 -55 113 -58 64 194 -240 209 1 12 230 -247 79 110 -37 78 159 200 -121 137 57 236 -8 52 -198 241 248 -101 -68 68 -78 -93 233 218 -217 17 92 222 -213 158 6 46 42 -29 -208 -80 -71 101 -167 -189 163 93 -206 -47 -187 -145 139 -216 178 -186 -181 116 -156 -1 204 162 -11 210 -85 175 212 135 -246 19 -77 16 94 -84 -197 195 160 231 172 -148 173 123 24 80 250 -230 -184 -114 -196 -219 224 84 -157 -193 177 56 -96 -14 238 124 -200 -116 -127 59 -164 170 -100 -215 -179 20 -16 -173 14 183 23 -222 142 104 -27 -65 -204 226 122 213 176 181 -22 -218 -63 -39 -86 225 -245 121 -104 21 -207 47 186 120 106 -123 -191 -95 -105 126 -60 -141 148 70 -137 -102 -46 -224 134 -17 -103 -140 155 98 30 66 74 -244 -249 -128 67 -182 -75 215 153 22 -158 244 192 -122 -155 188 -41 102 -239 -89 61 76 69 217 -28 -3 -50 -243 -170 147 -119 219 -214 -195 -107 -26 -62 -15 157 -235 -9 206 -67 -202 229 198 49 187 48 -111 103 208 65 -69 -110 -64 182 -74 190 -36 -226 180 75 85 166 -236 -117 -209 -61 -169 -131 214 27 -35 -73 232 39 136 97 87 -129 196 185 18 53 -180 -162 169 -132 -82 -175 -94 -147 0 145 -241 -92 -90 -54 -24 -70 107 -20 -43 -32 161 -229 28 -13 249 197 199 50 125 89 201 -172 86 43 211 -51 -146 -163 31 -53 -220 -211 223 -88 -168 -227 149 -177 -72 -231 -10 54 -56 -118 141 154 117 -205 13 -144 240 -5 -33 -194 179 -79 -135 -176 -66 202 132 29 -21 193 -203 -57 -178 40 -159 130 150 82 -126 -97 -25 4 41 10 138 -171 -190 -44 -45 118 34 -142 246 189 -98 -138 -174 72 -199 152 2 -49 131 8 -76 114 144 -30 112 108 -201 45 71 239 167 5 216 -237 -112 -42 100 -48 38 -59 128 -225 -160 81 221 95 140 -221


4759
4670
4641
4852
4725
4730
4749
4390
4396
4780
